102.364325,190.092739;32.883192;14.486494
62.366290,84.665290;46.554052;9.091991
109.918738,5.511823;45.070262;10.381433
65.946343,157.685741;36.063897;9.534979
26.808339,80.622597;34.069105;7.623133
150.072935,56.081752;39.703819;14.807372
192.331439,144.957988;40.824537;7.768912
32.130402,193.985083;40.321372;6.158656
124.697951,155.336623;42.260066;14.172977
7.918575,105.717853;39.186718;5.623496
128.265634,170.526568;41.858820;7.600974
167.976304,101.899176;40.217778;12.530302
29.584407,163.925344;43.665738;12.870969
38.323252,160.472832;33.826479;5.815526
171.045395,172.256699;47.530742;9.719097
54.809678,1.418366;42.914418;12.199094
167.113843,56.375565;34.304363;11.393314
161.010967,192.734175;33.010497;9.822124
178.943172,84.543381;41.790041;5.244907
134.691977,183.817724;46.536507;13.855203
