102.364325,190.092739;15.766385;14.486494
62.366290,84.665290;43.108104;9.091991
109.918738,5.511823;40.140524;10.381433
65.946343,157.685741;22.127793;9.534979
26.808339,80.622597;18.138210;7.623133
150.072935,56.081752;29.407639;14.807372
192.331439,144.957988;31.649074;7.768912
32.130402,193.985083;30.642743;6.158656
124.697951,155.336623;34.520132;14.172977
7.918575,105.717853;28.373435;5.623496
128.265634,170.526568;33.717641;7.600974
167.976304,101.899176;30.435555;12.530302
29.584407,163.925344;37.331476;12.870969
38.323252,160.472832;17.652957;5.815526
171.045395,172.256699;45.061484;9.719097
54.809678,1.418366;35.828836;12.199094
167.113843,56.375565;18.608727;11.393314
161.010967,192.734175;16.020993;9.822124
178.943172,84.543381;33.580082;5.244907
134.691977,183.817724;43.073013;13.855203
